6
18
19
58
1
1259
12
694
1958
569
1370
266
499
100
2370
2014
1023
29
546
159
8
1971
1427
1775
37
332
304
7
213
1111
1763
7
2282
1210
20
54
1233
2156
9
7
523
170
7
114
2423
1141
2
1254
234
1602
1467
2439
322
24
28
167
2154
15
1259
410
296
7
4
71
158
295
428
828
357
16
528
37
1633
6
2230
1655
1360
801
633
1558
1360
114
283
1903
518
19
71
169
499
291
669
6
1613
3
2457
33
952
203
443
356
1939
34
124
116
813
2269
721
469
817
19
397
1387
2052
919
91
721
271
37
217
19
37
2269
1519
817
1519
127
1657
331
2451
37
2395
721
631
631
127
1553
7
434
367
1381
296
61
1500
644
1018
91
763
1121
509
563
1590
118
989
243
2778
2378
2566
526
2306
2480
605
1020
85
1722
2050
58
2472
2372
167
1830
580
2047
202
1371
1431
1208
18
165
1735
1550
269
457
446
597
122
165
2364
216
6
1497
682
1573
320
1486
89
715
89
89
19
1782
1926
119
1885
688
459
870
